mean_diff: 0.023114
mean_diff_std: 0.017637
std_diff: 0.118415
std_diff_std: 0.011448
real_mean: 0.000099
gen_mean: 0.006493
real_std: 0.995294
gen_std: 0.877262
wasserstein_dist: 0.085473
cov_frobenius: 1.353423
range_coverage: 0.937500
mmd_rbf: 0.049893
mmd_linear: 0.135566
